0 18 65
1 93 99
2 33 31
2 79 90
2 98 16
3 3 13
3 77 57
4 66 50
5 30 98
6 19 26
6 39 4
8 36 75
8 62 17
10 18 82
11 96 33
15 7 37
16 28 84
17 48 99
17 68 83
19 9 45
20 81 39
21 84 10
21 97 10
23 1 33
27 38 39
28 89 48
29 25 6
31 24 75
31 30 23
31 76 35
32 27 47
32 69 54
33 38 33
34 57 4
35 87 26
36 36 11
36 79 14
38 9 98
38 65 58
39 29 48
40 0 64
40 46 77
41 21 75
41 39 30
41 96 63
42 17 14
43 60 41
44 29 77
44 33 23
45 18 93
45 20 21
45 76 8
46 58 53
47 96 5
50 77 42
50 91 100
51 33 89
51 45 63
52 30 93
53 23 49
53 47 68
56 23 47
57 52 8
57 75 14
57 89 84
58 4 55
58 6 93
62 15 95
62 45 43
62 69 86
64 57 3
65 8 82
66 52 75
66 62 46
69 96 7
70 18 80
70 52 47
71 12 76
71 66 54
72 50 88
72 51 32
72 77 76
73 33 69
74 3 19
74 53 54
74 88 77
75 56 26
76 65 35
77 26 23
77 69 90
79 29 87
80 84 43
82 27 67
82 73 32
82 79 93
84 34 96
85 6 17
86 67 91
87 71 29
87 90 96
88 3 80
88 96 48
89 59 41
90 6 94
90 7 17
90 17 10
91 38 5
92 26 99
92 27 33
93 55 66
96 26 24
96 80 72
98 62 42
99 24 89
